-5.000000000000000000e+00 -2.677952990017184565e+00
-4.898989898989898784e+00 -3.465960231433915517e+00
-4.797979797979797567e+00 -6.939967003068834295e-01
-4.696969696969697239e+00 -1.631336823280142623e+00
-4.595959595959596022e+00 -1.104900411753550582e+00
-4.494949494949494806e+00 -1.328949392791241912e+00
-4.393939393939393590e+00 -3.931240968749981080e-01
-4.292929292929293261e+00 1.016701546195449835e-01
-4.191919191919192045e+00 3.991846041462595029e-01
-4.090909090909090828e+00 1.078336604017584577e-01
-3.989898989898989612e+00 2.272181263170442556e+00
-3.888888888888888840e+00 2.184883245974737154e+00
-3.787878787878788067e+00 1.783846696540623000e+00
-3.686868686868686851e+00 2.410312636909060391e+00
-3.585858585858585634e+00 1.855635500388816750e+00
-3.484848484848484862e+00 2.177165526743849000e+00
-3.383838383838384090e+00 2.084365670117796832e+00
-3.282828282828282873e+00 2.688235065068667939e+00
-3.181818181818181657e+00 1.497400316535638209e+00
-3.080808080808080884e+00 2.736492521597934324e+00
-2.979797979797979668e+00 3.867752370851480492e+00
-2.878787878787878896e+00 2.099129141991586067e+00
-2.777777777777777679e+00 8.783441329094781036e-01
-2.676767676767676907e+00 2.381517691871136488e+00
-2.575757575757575690e+00 2.019535482391724646e+00
-2.474747474747474918e+00 8.898039203030355671e-01
-2.373737373737373701e+00 3.717463104158688303e+00
-2.272727272727272929e+00 -5.949060172644756728e-01
-2.171717171717171713e+00 3.999407753521667663e-01
-2.070707070707070940e+00 -3.401841428883024820e-02
-1.969696969696969724e+00 -2.107993174838600936e+00
-1.868686868686868952e+00 -1.930374254192959382e+00
-1.767676767676767735e+00 -3.965374728579896813e-01
-1.666666666666666519e+00 -3.199796311441276409e+00
-1.565656565656565746e+00 -1.449067586221280290e+00
-1.464646464646464530e+00 -2.639608914872987100e+00
-1.363636363636363757e+00 -3.562798274298292878e+00
-1.262626262626262541e+00 -2.187205271651729177e+00
-1.161616161616161769e+00 -3.050224096505475213e+00
-1.060606060606060552e+00 -2.207591946109723757e+00
-9.595959595959593358e-01 -2.994495819311515650e+00
-8.585858585858590075e-01 -3.142940615434540952e+00
-7.575757575757577911e-01 -1.508149863947938929e+00
-6.565656565656565746e-01 -3.517564218532041487e+00
-5.555555555555553582e-01 -7.852503301747513209e-01
-4.545454545454550299e-01 -3.289678209205491477e+00
-3.535353535353538135e-01 -6.917027900707171106e-01
-2.525252525252525970e-01 -1.359472069123145443e+00
-1.515151515151513806e-01 -3.027652293421194130e-01
-5.050505050505016413e-02 1.943826594436971478e+00
5.050505050505016413e-02 -1.064222364590935666e+00
1.515151515151513806e-01 5.971364638095715272e-01
2.525252525252525970e-01 -3.803781135555415194e-01
3.535353535353538135e-01 2.316451139220387478e+00
4.545454545454541417e-01 1.825702555998840682e+00
5.555555555555553582e-01 8.076975766547862534e-01
6.565656565656565746e-01 1.779682081423165307e+00
7.575757575757577911e-01 3.138762302049360908e+00
8.585858585858581193e-01 3.378748957324027469e+00
9.595959595959593358e-01 1.374115720243696437e+00
1.060606060606060552e+00 3.883852176543518997e+00
1.161616161616161769e+00 2.477378662194620773e+00
1.262626262626262097e+00 2.962768421694204068e+00
1.363636363636363313e+00 2.673649901169932175e+00
1.464646464646464530e+00 2.841289717791241731e+00
1.565656565656565746e+00 2.396714397745640657e+00
1.666666666666666963e+00 3.258107991882872589e-01
1.767676767676767291e+00 3.697415843304766359e+00
1.868686868686868507e+00 -1.788237513564237879e+00
1.969696969696969724e+00 2.199828340634800927e+00
2.070707070707070940e+00 4.288727932185563141e-01
2.171717171717171269e+00 -1.584951879335271485e+00
2.272727272727272485e+00 2.974037208328600412e-01
2.373737373737373701e+00 -4.362809298314995754e-01
2.474747474747474918e+00 -2.520679046527580791e-01
2.575757575757575246e+00 -2.542711801760855650e+00
2.676767676767676463e+00 -2.412176457118938355e+00
2.777777777777777679e+00 -1.526546062680474325e+00
2.878787878787878896e+00 -3.241185717282584644e+00
2.979797979797979224e+00 -2.784731786159595046e+00
3.080808080808081328e+00 -1.303846491466855939e+00
3.181818181818181657e+00 -3.805443715865989063e+00
3.282828282828281985e+00 -3.348836692785226887e+00
3.383838383838384090e+00 -3.089764950223136797e+00
3.484848484848484418e+00 -3.273428237767183724e+00
3.585858585858586522e+00 -1.269105723301364064e+00
3.686868686868686851e+00 -1.620445936357662653e+00
3.787878787878787179e+00 -3.666564464760653230e+00
3.888888888888889284e+00 1.021303290888333715e+00
3.989898989898989612e+00 1.251995393814445467e+00
4.090909090909089940e+00 -4.092284806197746816e-01
4.191919191919192045e+00 2.073835905399747936e+00
4.292929292929292373e+00 5.665728602398578673e-02
4.393939393939394478e+00 2.089687509805938426e+00
4.494949494949494806e+00 1.876485817353939378e+00
4.595959595959595134e+00 1.617506346694437713e+00
4.696969696969697239e+00 3.058869332439625666e+00
4.797979797979797567e+00 1.186037508906600646e+00
4.898989898989899672e+00 4.376302835308491623e+00
5.000000000000000000e+00 4.122655855575157346e+00
